930.9937760290064
92.1034037197618
0.0
0.0
0.0
8520.104186091108
8520.104186091108
0.0
0.0
8520.104186091108
0.0
8520.104186091108
8520.104186091108
6184.638644914735
70.13115794639961
70.33216466346964
0.0
44.73594704912085
0.0
32.18875824868201
0.0
31.21295496529337
0.0
0.0
19.755734671584502
0.0
0.0
28.048474860995483
26.864697433188873
0.0
14.266997757549296
758.8115256480531
0.0
27.32983467647422
27.32983467647422
0.0
0.0
22.47860193304799
27.32983467647422
25.29513210954791
0.0
24.640039540948777
11.956740015112409
0.0
0.0
27.902666195741894
28.048474860995483
0.0
0.0
14.570306487954731
16.019102663885015
0.0
24.1529241938449
0.0
0.0
1120.878840061333
30.034104252624367
0.0
0.0
0.0
641.5954343540712
989.858663133344
25.8383832745995
0.0
0.0
37.07418687608269
39.931441277150824
0.0
0.0
0.0
0.0
0.0
39.52326384452668
0.0
23.451227007436856
8520.104186091108
8520.104186091108
0.0
0.0
13.667897782345342
0.201006717070029
0.0
0.0
0.0
0.0
25.660320233327777
0.0
8520.104186091108
0.0
0.0
0.0
0.0
0.0
0.0
12.773179905517512
0.0
0.0
0.201006717070029
0.0
0.0
0.0
8.615658321849084
0.0
0.0
30.10155794219715
0.0
0.0
0.0
0.0
11.956740015112409
92.1034037197618
92.1034037197618
0.0
0.0
78.44146682563293
0.0
92.1034037197618
0.0
0.201006717070029
0.0
0.0
4.462871026284194
0.0
0.0
0.0
18.526821354553128
0.0
0.0
0.0
0.0
32.18875824868201
0.0
32.6951144083678
13.466891065275313
0.0
0.0
0.0
34.99700132301691
78.44146682563293
8520.104186091108
92.1034037197618
0.0
8520.104186091108
0.0
8520.104186091108
0.0
0.0
0.0
21.197449207043586
0.0
757.9472278364896
0.0
0.0
25.907147322555772
36.941215700262894
0.0
0.0
0.0
22.98969238083733
0.0
0.0
0.0
0.0
24.280462803588748
32.389764965752036
6184.638644914735
78.44146682563293
31.21295496529337
2502.755865950246
8520.104186091108
0.0
0.0
18.526821354553128
807.2842370263794
0.0
39.32225712745665
78.2404601085629
0.0
92.1034037197618
0.0
70.53521209275
0.0
0.0
92.1034037197618
92.1034037197618
8520.104186091108
8520.104186091108
0.0
0.201006717070029
0.0
25.660320233327777
33.00519813908711
46.25270857695095
92.1034037197618
47.93791544930575
8520.104186091108
0.201006717070029
27.773944914724012
0.0
49.82654435181846
0.0
0.0
92.1034037197618
2319.2808216903345
8520.104186091108
8520.104186091108
8520.104186091108
0.0
8520.104186091108
8520.104186091108
0.0
