815.8491931164199
0.0
92.1034037197618
8520.104186091108
0.0
0.0
0.0
0.0
0.0
0.0
8520.104186091108
8520.104186091108
8520.104186091108
0.0
0.0
0.0
59.9146454710798
0.0
0.0
0.0
32.18875824868201
0.0
0.0
30.557158508833545
0.0
18.526821354553128
782.1720421875688
0.0
0.0
14.266997757549296
0.0
0.0
0.0
0.0
757.9472278364896
26.186666399675246
0.0
22.47860193304799
27.32983467647422
25.29513210954791
0.0
617.07757919303
637.2619391201068
0.0
0.0
0.0
28.048474860995483
0.0
28.2117410737787
0.0
0.0
0.0
593.1139508136176
7.133498878774649
0.0
1120.878840061333
0.0
0.0
28.87609673852762
0.0
0.0
989.858663133344
0.0
0.0
47.68058789884202
3.85956273964967
39.931441277150824
0.40405414635038933
0.0
32.5928123950324
0.0
0.0
39.52326384452668
33.20620485615714
23.451227007436856
0.0
8520.104186091108
1116.6043853375847
1150.1300763748754
0.0
2.308217030226555
8520.104186091108
0.201006717070029
905.2581872187496
0.0
758.8115256480531
8520.104186091108
8520.104186091108
8520.104186091108
0.0
0.0
0.0
0.0
14.063950328268936
12.773179905517512
15.970153924355435
0.0
0.201006717070029
26.941472959332184
32.389764965752036
23.218266297309775
8.615658321849084
24.079456086518718
56.46922105227074
0.0
59.9146454710798
0.0
0.0
0.0
0.0
92.1034037197618
92.1034037197618
78.44146682563293
0.0
78.44146682563293
28.048474860995483
0.0
0.201006717070029
0.0
0.0
0.0
0.0
0.0
0.0
7.133498878774649
0.0
21.77719994450863
0.0
10.086933153365631
20.433024950639624
32.18875824868201
0.0
0.0
0.0
0.0
0.0
20.996442489973557
0.0
0.0
8520.104186091108
0.0
8520.104186091108
0.0
0.0
0.0
0.0
78.44146682563293
0.0
870.7077872782401
0.0
13.466891065275313
0.0
0.0
0.0
33.214624136433024
38.92620458153306
0.0
0.0
0.0
18.0329691027457
0.0
0.201006717070029
0.0
0.0
32.389764965752036
78.44146682563293
0.0
31.4139616823634
0.0
0.0
0.201006717070029
0.0
807.2842370263794
18.526821354553128
0.0
39.32225712745665
78.2404601085629
0.0
0.0
0.0
70.53521209275
0.0
0.0
92.1034037197618
92.1034037197618
8520.104186091108
8520.104186091108
0.0
0.0
0.0
0.0
36.25557672904261
2317.355827340385
0.0
0.0
0.0
0.201006717070029
0.0
0.0
49.82654435181846
0.0
8520.104186091108
0.0
2319.2808216903345
8520.104186091108
0.0
8520.104186091108
8520.104186091108
8520.104186091108
0.0
0.0
