2.355639591536556
0.0
0.0
0.201006717070029
0.201006717070029
0.0
0.0
0.0
0.0
0.0
0.201006717070029
0.201006717070029
0.201006717070029
0.402013434140058
0.0
0.201006717070029
0.0
2.3306763251190303
0.0
0.0
0.0
0.0
4.663877743354223
7.133498878774649
0.0
0.0
9.641524209600096
0.0
0.0
0.0
0.0
0.201006717070029
0.0
0.0
0.0
0.0
3.688074459965585
0.0
0.0
9.885926436295602
0.0
0.0
9.560716018859996
0.0
3.7487725338686655
0.0
10.216512475319814
12.547188800438844
28.2117410737787
14.570306487954731
8.009551331942507
7.421273627816642
14.266997757549298
7.133498878774649
6.84980617893552
5.753641449035618
5.954648166105646
15.840574602401249
4.969227185969992
8.925742052568388
3.487067742895556
5.801699141361826
11.571385517050205
2.107210313156526
1.4278793218910697
3.85956273964967
0.6091841496941715
0.40405414635038933
3.1892954930205426
0.40405414635038933
0.201006717070029
0.201006717070029
0.201006717070029
0.201006717070029
12.89857216578942
0.201006717070029
0.201006717070029
5.689743631105235
5.37124062011005
0.201006717070029
0.201006717070029
0.201006717070029
0.201006717070029
0.201006717070029
0.201006717070029
25.660320233327777
0.201006717070029
0.201006717070029
0.201006717070029
0.201006717070029
0.201006717070029
0.201006717070029
0.201006717070029
0.201006717070029
0.0
0.0
0.0
0.201006717070029
0.0
0.201006717070029
0.0
8.615658321849084
24.079456086518718
0.201006717070029
6.022101855678432
0.0
0.0
0.0
6.426156002028821
0.0
0.0
0.0
0.201006717070029
0.201006717070029
0.201006717070029
17.83196238567567
0.0
0.201006717070029
0.0
0.0
0.201006717070029
0.0
0.0
0.0
0.0
0.0
0.0
0.201006717070029
10.086933153365631
20.433024950639624
0.0
0.201006717070029
0.0
0.201006717070029
0.0
0.0
20.996442489973557
4.714446670421396
0.201006717070029
0.0
0.0
0.0
0.0
0.0
0.201006717070029
0.201006717070029
0.201006717070029
0.0
0.201006717070029
11.956740015112409
0.0
0.0
0.201006717070029
0.0
3.72659156382987
3.487067742895556
2.107210313156526
1.0258658877510116
0.201006717070029
0.201006717070029
0.201006717070029
0.201006717070029
0.201006717070029
0.201006717070029
0.201006717070029
0.201006717070029
0.201006717070029
0.201006717070029
1.8686388958510491
0.201006717070029
0.201006717070029
0.0
0.201006717070029
0.201006717070029
9.885926436295602
0.0
0.0
0.0
0.0
13.466891065275313
0.40405414635038933
0.0
0.0
0.0
0.0
0.201006717070029
0.201006717070029
0.201006717070029
0.201006717070029
0.0
0.201006717070029
0.8164398904051033
0.201006717070029
0.0
1.8862135894248258
0.0
0.201006717070029
10.894543508833438
10.894543508833438
1.6676321787810202
0.201006717070029
0.201006717070029
0.201006717070029
2.107210313156526
0.201006717070029
0.201006717070029
0.201006717070029
0.201006717070029
0.201006717070029
0.201006717070029
0.201006717070029
